0.21596757602762723
0.96047504084978197
0.34501007096875114
0.2942030686477361
0.77441455237563739
0.96986936446899863
0.26090647654397658
0.86981686009071102
0.97283113106204067
0.97384723090644332
0.80040995894588818
0.14786743577527142
0.96822323963731438
0.99383781775635416
0.062527393766338119
0.9940916394866014
0.88881109908518829
0.052717436746693096
0.9147726509605002
0.27771872804353126
0.97910929046615458
0.96958724851584055
0.93774343901053825
0.22828555667297631
0.49407666449539928
0.35348142501140645
0.26508315508648467
0.99412825610444555
0.86467395823791782
0.89939247640811393
0.86104433107186873
0.098990716309380333
0.93279206158359285
0.87259121005768858
0.24013509400204266
0.95954618611620057
0.89812363552607732
0.59251762298673771
0.92367734532838996
0.94759319364734651
0.81712228869017545
0.90313028091639158
0.84776247847578479
0.96249179160219855
0.96346870393929451
0.86441189984015021
0.30052900077999994
0.32408373382807293
0.77603830815690789
0.87279657409739364
0.94302020237375295
0.90572744127636384
0.076998241725111688
0.096927978061197004
0.93961148446061604
0.89809382162559237
0.073701086093670903
0.11776436803247868
0.08787488528987486
0.83253902258548118
0.91500299524662032
0.19690550424450648
0.98142129232531028
0.9159034162486166
0.9510954706996978
0.90054403806966488
0.9823940257788305
0.9174327753588678
0.21684010298778239
0.21642553130904099
0.94180678878722679
0.9558378465668953
0.80045386762163862
0.11775794987130238
0.99166086940900444
0.74051042330929462
0.94729595356019425
0.89527368856257628
0.66767124351365215
0.25600431318657918
0.97752884276232688
0.95496384921875765
0.94360445939346116
0.95604291488535997
0.85061608687083334
0.9722887020902754
0.98641520455335863
0.84178254644395145
0.98067373639287569
0.16294627660538874
0.96174603912328638
0.92401770596345678
0.9172045979780149
0.97684808552520641
0.94711552825847489
0.3459180128354617
0.33170682293624343
0.82491900441870181
0.94804668280176541
0.94741260900377067
0.9098849090678518
0.91252970878620032
0.88661396691837935
0.51976945328984692
0.97990729663580844
0.27104342890693756
0.96984299367736371
0.24409548662460168
0.95707801074778309
0.10854437454274633
0.94188232062177601
0.88687070602828622
0.88684460214916006
0.93833110833083844
0.98038329422834547
0.03894321500452453
0.95160053733640571
0.96466790381812073
0.93852033804138357
0.94592044129463637
0.97351678686510612
0.95379147465088787
0.98812218169773025
0.86643473411904415
0.97603689041918384
0.15466551810926224
0.17222106641929619
0.016472718384765012
0.92108063376457416
0.9950085336659682
0.15232841448970727
0.8698379314573591
0.17305626193774917
0.047349241828360235
0.96847303841644994
0.95162759321971024
0.93579402605660589
0.19442269678313764
0.87576037995478018
0.96658753279324727
0.095304725648936564
0.8135844729528241
0.15885840862753536
0.95725958141798329
0.99655672090078362
0.97322414107188437
0.91842706172162702
0.98855268987324874
0.93626916202556532
0.90644280815884193
0.21001773302544147
0.88336276893087173
0.31072432068403527
0.94938928697603997
0.91868611118099996
0.96057275313224177
0.92708844555830572
0.90840782657478047
0.9239394272503475
0.94063019569500517
0.96976327423716147
0.88897614276558667
0.16751739709027552
0.99261798169565529
0.98327420649534081
0.97096572438462558
0.1133128251740458
0.80065692116261211
0.92879678990411463
0.97003990585738786
0.98181594871364464
0.99346487412913342
0.9011005484300294
0.88571190125639487
0.77701640584114484
0.62773704308439415
0.33756417043894688
0.89675800964617047
0.92339418353294578
0.98790493258525969
0.92930910053580185
0.15858195314825813
0.93024673944825531
0.95626645791613751
0.97161703751089279
0.27575901350669579
0.95174054750020631
0.29119788028637161
0.10872227706441723
0.93412289174131868
0.83542527255053944
0.97028860169973263
0.9696898142652508
0.93838368649407289
0.93553950843903322
0.22657994915734506
0.97458970535125822
0.96740595301762466
0.20949843910653407
0.95160482997496532
0.88153996619414587
0.8627558427223081
0.79247519841822978
0.21759367666517929
0.83152672562274266
0.79589118410216186
0.077776248907553386
0.92604867807941704
0.72123718995765063
0.89856368954653532
0.31380871933811533
0.15502412312313779
0.81183287894503031
0.96245267288310543
0.97521882600893706
0.96291087057298863
0.89340641123172804
0.66800564807782947
0.90159797757291726
0.2442360914809554
0.96751580903067702
0.90087715491985243
0.29926502439721253
0.3562943425017599
0.94932846524842607
0.94266774509650597
0.86177353942633483
0.40958458588022773
0.94669001077037829
0.82359766012654956
0.78248068178094066
0.96966579029602884
0.98773872309802224
0.13079728420304387
0.46574937256160731
0.95161037639780899
0.72130599894667857
0.12940501438098351
0.90795885039468138
0.97936415514109021
0.88415192518216268
0.20092460914888596
0.32062639057699688
0.8993109788650262
0.97580902452607154
0.18811484723219107
0.92659725381433822
0.13873237458341736
0.98175350651594107
0.84968928100352981
0.95913353798885581
0.086825418007930255
0.93486729577123417
0.95636233500587786
0.76007102421437089
0.22267224482688869
0.96025879062282349
0.96526774232411483
0.076629167742192583
0.97744214878910218
0.055521581660924656
0.91014296585883281
0.085505430989765291
0.10776431196832525
0.15295501383078264
0.99377738187374709
0.94546675999184748
0.22415654710147506
0.96140352978417165
0.89197133269394513
0.94805245016288275
0.83173612342684977
0.36926853156048434
0.11327860067293795
0.95493658556178673
0.93833184035316419
0.28402721366481526
0.24675458885966162
0.61776132137327577
0.93254926707302455
0.89793660266069775
0.22496533620387685
0.94767686734117729
0.201235582904881
0.98193212921787298
0.13925807140663979
0.96220666855759462
0.27136850913834093
0.2663241934950093
0.20708359102207791
0.88397974408632274
0.92574398633169963
0.058353802289421546
0.8454357732996447
0.26107465978790861
0.97693989464047082
0.98163937027909898
0.95027393085522671
0.19415673593598509
0.1653795572493007
0.98543562985044808
0.095308648772161081
0.91361287794216839
0.86367830174432425
0.96293440159692978
0.87836730220197856
0.66781216750673478
0.11752600430591705
0.94945981709564631
0.99733792605513283
0.1295077088545934
0.94931030791437598
0.2810185632111396
0.94370118157778382
0.93597030311573448
0.26396483801400189
0.96698681114491125
0.96173124207270377
0.17663851214704765
0.95586008224154773
0.86985808236128481
0.90843104361713534
0.31018786844062157
0.71637908165317432
0.6768823189937706
0.27574657654987467
0.9149069536842459
0.89216366098213262
0.11876036089427246
0.75653719143628595
0.12483151268971732
0.94512940919349631
0.89239829173095297
0.97693852966914219
0.087893278824885263
0.51521947954250591
0.88282171654825337
0.24621129170066225
0.17137958341234807
0.86764423268589119
0.28776089445346215
0.96318515402590432
0.13408102133606015
0.96406900377623228
0.937139278252066
0.93940006796842479
0.26002104271353649
0.860640446825372
0.18611433787722653
0.031541730016577757
0.78516643729093749
0.89538176683270565
0.91988810675946076
0.91086766912281081
0.91132016266003701
0.95222633077006014
0.95358043877205634
0.94875428406484208
0.91185669200717245
0.97628688821778886
0.90418485350284283
0.96992886731259687
0.95437816129545028
0.93626057081105385
0.9499259639889841
0.96254680294571215
0.059536924803888724
0.096337827420955813
0.13253965659814088
0.1600714701953655
0.99237266227982079
0.93719469589303173
0.98317945493153358
0.13409736975321626
0.93417296000051075
0.21607623617519556
0.92388687006933412
0.16805349126802316
0.98226513100678114
0.98289038909200066
0.94177295249102566
0.96436399864006894
0.89930680883325997
0.12970619679102324
0.20579898749136741
0.93750118258178017
0.96038044164401659
0.91268418507784221
0.92086654959615766
0.86119185819001842
0.95522751470898382
0.95499755677587583
0.20102580635910658
0.82147793286139215
0.98580233116261684
0.78945070388067751
0.96288040445718126
0.89274611196374365
0.98744005682647285
0.972640314364557
0.70241850292846497
0.9187949571573385
0.85184492885655128
0.16096486404840904
0.95460528760630914
0.89308023670268311
0.89811256401176609
0.030864148264782679
0.97405562863659345
0.91514198455391127
0.97575129451725795
0.030254744222113283
0.1921072256074883
0.095991610242547765
0.67455936365104974
0.90264408661135154
0.85371038441296876
0.91025556581882883
0.83416644606419144
0.94892155767947484
0.2474106439332257
0.90769735745499636
0.67280638139122395
0.095464711852993128
0.83505891749886119
0.87303504806415422
0.97950867909357464
0.3380876320348199
0.95984538570836575
0.74858572927823452
0.98144901374674898
0.87299307646103974
0.92623170615298167
0.83662420173007124
0.93838661098362597
0.92642421253830143
0.11226095924242352
0.99674089520892895
0.22552391928518764
0.25783911959464956
0.84411579466674269
0.98412053555624945
0.18592516522054417
0.88732409718598804
0.97377929765826921
0.9013013241761626
0.18618271607014686
0.20079559016274309
0.026741569052939857
0.91503975306530583
0.25569543343398077
0.064688920140847858
0.34716025728514649
0.86083336436770086
0.14340067125373165
0.98974729465110178
0.99249561234964134
0.88564198833143382
0.18646161868140024
0.95236745512173016
0.95752507253488905
0.87464268301951398
0.97649805324922101
0.85149926685988464
0.57136217030456649
0.20964016850952358
0.96089194420327806
0.92258261246863926
0.90265994608415723
0.89130097033169831
0.2190925044295762
0.14477853639354984
0.94744264169641468
0.85626105919166473
0.99464836583799476
0.95158452773352142
0.96861658154017172
0.90025079798455054
0.14667033378231184
0.52864535440524418
0.89774311343550695
0.98411186934342521
0.67169761572604758
0.13514558652560527
0.82768181549211572
0.018882371656357217
0.16146260434496801
0.74695907872758516
0.67141488029658336
0.97393081438836082
0.99069935277506826
0.16716672680707939
0.92942482261749015
0.77533638291827456
0.82424181414975062
0.62366652067334838
0.9823185813273404
0.94096183231248598
0.12167779604340499
0.95865380602374106
0.86112620329689726
0.13495373710140116
0.89740124410913902
0.86999238052527228
0.95076453143568485
0.97149604040646864
0.85936867089388524
0.98092764968939816
0.98498040001128584
0.1285226384515688
0.97260972825374681
0.12121448256718408
0.15361750169744959
0.94637989216376861
0.80823654491084729
0.90881735181736201
0.8264971548641511
0.61474029318198398
0.084036986323274707
0.93325596383561649
0.21754539306814608
0.85302200814069939
0.23934658585550905
0.88279307231793436
0.89647413277609989
0.38645471556780436
0.8294144049422455
0.96437077141183003
0.92591662666051155
0.91063018759083947
0.15416839796129153
0.27142178570267522
0.71538464948733338
0.90954242376527705
0.89156843370597305
0.86282389050156905
0.92766567781349152
0.86588462748344763
0.81163488340488932
0.2877764321093933
0.26633382869688649
0.94375591166127593
0.86765759233217599
0.98174062708175636
0.41969574224410899
0.16039533520750451
0.14183396081847977
0.94911586160999906
0.98574085065178629
0.93733507235730751
0.96362466502583044
0.067632948996258574
0.96335928622661271
0.14938166034765074
0.9016183099589471
0.96971214661902116
0.95504292594097306
0.90006689443781296
0.96360793391803345
0.87764503921288961
0.88050780761066783
0.98110875856789648
0.98220865326757223
0.9657992742196353
0.77927316295133398
0.77054539835676894
0.98367116884418548
0.94672034788529003
0.97254355739783538
0.9046128965659781
0.94780810058233644
0.80511130239908968
0.92881616071242756
0.92875524913017826
0.15459123266410668
0.12932077155967162
0.26489697607592438
0.15799512996375245
0.99737593625892551
0.84585655358287737
0.93439325320136635
0.9911404788596424
0.26151553727163973
0.99181393468270396
0.053697942121049974
0.10537985735237598
0.89591696800451426
0.91782865030484606
0.97432019882214027
0.85594663304172658
0.96119586558102876
0.97286602854220405
0.28938971297395588
0.983796821837991
0.14679523045693535
0.72835708820240841
0.89602933533957274
0.92707333511833967
0.031705745052775493
0.81248045968258065
0.30210866433120059
0.95175537572605684
0.51413557581347291
0.80308107872705015
0.98061475993515113
0.94255735433828702
0.20163340206695837
0.99299821581644165
0.95078031316231015
0.22295919048260696
0.99165257477473046
0.40307032518842945
0.96986964185950653
0.98961259624066056
0.92130839005519227
0.91189979877599614
0.27148531428147921
0.033391854122115178
0.99157763222853357
0.9712631704047211
0.18983480083539211
0.1738436808877708
0.96861390646811452
0.32329757153675642
0.96103819498623033
0.21160401237989129
0.9378936853770391
0.9664359454022502
0.80474601228615372
0.9632405669496219
0.1867040429248655
0.13761052071786048
0.89738106679382257
0.96947064955509521
0.32588174132107106
0.91453642425796511
0.76727195420145555
0.98024595169237616
0.89459173549523474
0.99540015932379045
0.11315225214907777
0.14887498599195062
0.96792036885694666
0.9577783402526916
0.98559867167934545
0.87361167448801713
0.20025103668559072
0.97710300659326521
0.98547781073123697
0.21845929564196773
0.48660602794517771
0.66737493227381384
0.97140184394787066
0.97957413426867834
0.98424228249677626
0.76899405375612528
0.92145813302743818
0.92067125926656068
0.29707686430579222
0.69794614231167584
0.90001495600797932
0.98078288284171145
0.93429437689892914
0.97328855783134571
0.92988639711659349
0.92037135023318994
0.92738444797700659
0.85574017511268796
0.13712182531657147
0.96547501669871061
0.96278051847171786
0.83174268827930575
0.98057600476038809
0.96903344119372792
0.72193330450896209
0.94807800635546313
0.18828537712881949
0.14232161533373064
0.13220684227297305
0.57852921182053774
0.38248518262668041
0.051202948191536375
0.93710856163428913
0.11868380161196639
0.11654922707983459
0.98825201943692287
0.52658739239964414
0.9525088773053747
0.97636214972459767
0.98247341919790965
0.11780206970517161
0.86688496341636667
0.9197739126364739
0.22375988559751792
0.15645482529222626
0.059544152336278001
0.94111005827825434
0.94596271029842993
0.92671291632676922
0.16725904662121438
0.13713794344661309
0.56917730727852134
0.9413565981521399
0.099980262798520139
0.91226136214316911
0.9886536618792745
0.95960207021361299
0.25638656769457002
0.96348943956971622
0.95952535638761927
0.25835564795487054
0.87403522383071031
0.95872330471506162
0.23340195889570647
0.079024026335479378
0.82533315571093913
0.9851907051241896
0.24291157619628342
0.9772725709549972
0.98310279898565223
0.76891635200755992
0.92934350599048388
0.96187941094472573
0.95101443182084933
0.89297310411228636
0.9877597518392045
0.9462411247723308
0.97692455620342722
0.87149416019280079
0.21471682209813106
0.96596455531364334
0.94827661973683441
0.89161318367039311
0.95830093085230561
0.92841374409434518
0.2634624618270226
0.90192661347473235
0.83008718400588866
0.36810098312736306
0.89865516069536444
0.96015649346796628
0.96324241496482521
0.92479276513466391
0.94921222097805014
0.15731803641268544
0.89124985493743403
0.7838707779666455
0.86609160977654753
0.98627033968376843
0.56437753483679876
0.9765969890828734
0.98811074870271343
0.21409783369678725
0.16004198304390616
0.25701265513726779
0.044498649062350022
0.23697264089533698
0.29569815989660769
0.86676404660004713
0.20243906711871523
0.98712386106358241
0.87318858792106457
0.98593860597819594
0.049181799970409272
0.98084760804050541
0.93659323551182083
0.9469552792775574
0.37642141370863319
0.86798285804460118
0.97557407263287133
0.9874742705170978
0.88010328442062524
0.9267780266943163
0.24230887505615759
0.95512225247465476
0.98580097521252774
0.81088447733309366
0.92529561493589452
0.091724193531136769
0.52604405909476959
0.90734510366682053
0.92540500765366518
0.34134579005259053
0.87958935484452272
0.70045270536129423
0.95840883798678578
0.9133754523556562
0.82845058330787158
0.92033394859190421
0.78616590529080432
0.95293534883690267
0.85283822531505415
0.96234831608181781
0.23925334577779761
0.93474900016742957
0.3206349527692432
0.92015192768739162
0.10153781572669855
0.96183795420364804
0.86382715969436019
0.98107734545522118
0.96267669612049622
0.98124301766942401
0.89611392980077742
0.86719675150030051
0.19417871402756931
0.87027610786144471
0.17122409969684629
0.96993815611327117
0.89065871613864744
0.30634943184538488
0.916653909046517
0.85482413803929003
0.88886391235938433
0.93944546401759543
0.93108453889756193
0.12275667651179907
0.96522769332987512
0.83421977787629475
0.10115399502520515
0.96109483671547113
0.23202977462515634
0.64127433375139042
0.97228341307101218
0.20389824975667864
0.85829866413619926
0.83549521351921996
0.17569039867571826
0.081650162360604572
0.13139968329603952
0.92426109708589288
0.86309333612925521
0.65024389538319005
0.89781835513174868
0.19110846432052805
0.92755967381249016
0.05794785879327416
0.97772444748681986
0.057376902221531106
0.16139683090302706
0.90036960418524725
0.92899515245344111
0.13021667155766606
0.95651802295634336
0.8318727783120663
0.12758343647577286
0.14369078206766026
0.40658378095802822
0.97764550806663308
0.93903298181738548
0.98107645047645964
0.87875470522742338
0.98167128818901006
0.89181980124046212
0.93590633901241016
0.76657711835857256
0.85975108689057922
0.95677899437692293
0.23617228136720195
0.33866441381286011
0.96614789982539517
0.95386732720596101
0.96011732207600564
0.94772400893743813
0.91963118523828791
0.98045158265096877
0.9738857500412561
0.90139112138937449
0.91782907783566603
0.98656293459436595
0.8532244525001037
0.96236753873656755
0.90478356588449715
0.90509900221506845
0.77581898119093573
0.26460186578571543
0.95445016780902703
0.95888419671666691
0.9152021730454557
0.98339879364374305
0.1504250848021467
0.979687001822794
0.93445626306492025
0.23647085693278871
0.95799458477946708
0.30432039387230497
0.9729916617775497
0.33486117345690575
0.90851156858655657
0.84947246059739434
0.98409083565686151
0.98897950499983889
0.97314434848590647
0.87080585210664285
0.75573963613511197
0.39027138828967134
0.56417990325307898
0.97964361397633959
0.93488255322313385
0.12304175330190376
0.39179276723960782
0.92526045512651078
0.9673952835751638
0.97666768236671375
0.96493010155065051
0.91389244475484444
0.16694501835353842
0.97235133090532955
0.85436772387132909
0.92140788740388901
0.32977327527329509
0.91404874060310903
0.96340340853597417
0.88941253093493966
0.92245496920587899
0.82187445235409617
0.81112087179486891
0.9507231037789553
0.90218536791545811
0.12072500326323975
0.22132986514418748
0.93931156066259258
0.85983542183644013
0.97162475308025198
0.95041771488292204
0.2091004609653549
0.96595387984620229
0.9032492967678476
0.075721218210844585
0.32086780884590393
0.79747640673689124
0.82646388373337232
0.90762083012609618
0.93537628448316157
0.98634078124648794
0.96641996913720463
0.20197717510891511
0.19717484155043688
0.99346483877166403
0.87973271885780113
0.94301943089564988
0.88052357185084107
0.92827418349281465
0.74076415832470888
0.10680237214725828
0.86613738116382144
0.93870265457703606
0.9388335115745069
0.9489418609248661
0.98346137207848783
0.44833732012868771
0.96126649231668437
0.23226669429637495
0.91649903248086884
0.97463073232656794
0.99250611715267234
0.99755044535391579
0.97381309225058554
0.11023830631807022
0.31268867832003611
0.11114146940217347
0.99344970915776298
0.99064406654505388
0.29103037898466527
0.9770689474854638
0.17088437731890024
0.32365195864356422
0.97248753416265532
0.95143424224973905
0.97817398841030367
0.90346623835375062
0.940117840376132
0.93579927298212895
0.97022600434190587
0.43987539695776923
0.26133790324176859
0.34521103300700323
0.98252277430855384
0.076698116417867709
0.98107888085473893
0.047084567384121291
0.97871084063452496
0.086421109362420201
0.97921467926377603
0.98799499690022174
0.32065139279612342
0.94253995853356076
0.87055383287693588
0.19800480620924232
0.94434190795679229
0.94817296008352758
0.14379462450060507
0.98020779392281954
0.86881645609528213
0.99315170037544154
0.32326055839871448
0.89160337000162415
0.10163870984079558
0.79771907913609619
0.95388899167987684
0.029870751567664205
0.94263544409458266
0.9091320069678176
0.98696777559827809
0.96591163854904316
0.86828788755956243
0.96588004003270178
0.90697743603521208
0.16390586066444349
0.42203794963304725
0.21583935547625155
0.73423478278231291
0.11394825759192249
0.8871659296982578
0.8975354572028702
0.94761140983465375
0.93726071609224704
0.94243912636690119
0.39419724238511289
0.98000756636462438
0.098273887879561803
0.97919573388594328
0.9219019061798519
0.87873185476108484
0.96239506808491515
0.94085246565559566
0.95683946351746485
0.72039044937421737
0.79658363187205894
0.20568541237020813
0.9835089646333236
0.89633361948465473
0.97661597883908469
0.98907445308918385
0.95178909307648263
0.90860817704500008
0.9709693341175708
0.25851315393193242
0.91639909022498711
0.84373167157080853
0.94519360176252487
0.93176046079617558
0.2389230961308533
0.97789087120187601
0.78765325798355712
0.2110983179620719
0.97111735711856295
0.98388512753108459
0.9511460144517121
0.84707058800663226
0.9853479194650907
0.98098728789984224
0.98106838941537455
0.98503644869774143
0.12813791746134892
0.96781511190103031
0.96187300730331693
0.12951104999081617
0.094530593294440343
0.89729232506758094
0.98432750708934924
0.98386703404773523
0.92367989387995575
0.11221912544621171
0.86815280070339895
0.9569843945118689
0.98219559431921266
0.88850424492511149
0.95235886121183477
0.89889253980820916
0.39049215523202496
0.96039971707059923
0.24209870562776786
0.99435351217719048
0.95227759188112415
0.95065031438093106
0.4459253668212545
0.97012585690701958
0.84111132377482778
0.11252285768351415
0.87356345766542276
0.95732992309565967
0.98060691706647463
0.97300376216175222
0.98377634010794535
0.97571243682358766
0.95231056478571918
0.98435963643639557
0.89506689827161567
0.90805381964567777
0.35452112806375613
0.92252491413588211
0.820992736009722
0.95716091566215611
0.2003575752669523
0.74382613896741434
0.75263064266760105
0.963097699383891
0.91127709353150532
0.92291123168536571
0.98458041399164564
0.93943556689142071
0.95260072774958926
0.96718508300287587
0.22994852197760415
0.24261910033326606
0.92146854732356376
0.86198515577927814
0.91246510617184029
0.14648475512658743
0.92937131692460739
0.85413942974438262
0.97871611309272755
0.7970471448044637
0.95914329037452384
0.16030469493215488
0.99410673854531817
0.93450141034861889
0.23100352423305398
0.96164849463231161
0.24416438630419374
0.94765545949387864
0.92748501297933739
0.98078219688864543
0.16367891443223156
0.030271285364323379
0.13022654822501781
0.28210427379127068
0.98564987666384318
0.89003592703975976
0.97847013813114936
0.98923893678306329
0.24545719522506024
0.94866719764794893
0.2312158523998985
0.21336071695098283
0.21027926228718308
0.85007920529304559
0.33397775289618892
0.92365051669348919
0.93561187470435336
0.9748816397428719
0.12126434219689278
0.94022859193656949
0.9606175450026152
0.96333190077173159
0.7325865071749823
0.27719419966188136
0.8317440683917221
0.22873383760792113
0.99349584179590322
0.52814848020477645
0.85055899200617624
0.72194829885660161
0.18713565098493812
0.98126425886897417
0.98889448255377244
0.45475044743882287
0.95377400522364975
0.54500258862843465
0.9782683504133427
0.91794741170911698
0.93251029137056862
0.99361033385954611
0.81062778524300438
0.89300597166970386
0.093671674127119645
0.83037503413809644
0.9845993982514315
0.98182030358554584
0.81984169610325386
0.13499742666488179
0.95535439775900011
0.93462044377922648
0.96652275494792561
0.94289169793113792
0.87622774576613494
0.087342990929477046
0.99314686863962054
0.33650371888277625
0.95940971961419341
0.39425247294626603
0.19119650483682563
0.92365368483614252
0.95672001272990548
0.19025829007892656
0.92286389993140261
0.97285190105423602
0.22825029338034353
0.98567427365943361
0.15187422485544286
0.69433474887986979
0.94339780176204768
0.068699423284903804
0.89091924157059721
0.074256461120418782
0.81451710613971728
0.15882742536796662
0.92874889861490195
0.98952359523282751
0.93343913708047166
0.98907368870144496
0.86303911511108178
0.94157942597033661
0.113944342602076
0.93002612382204386
0.95082785088803246
0.96923147216077032
0.95556819633808909
0.97563000578387837
0.82839025833799285
0.29887626971408604
0.94928532914151764
0.2292560885756369
0.88865350966746059
0.84324015455501544
0.15657962407400672
0.9298386140944489
0.098075740155543475
0.95729760273739495
0.98393676849248202
0.84315914484602228
0.83756774683214763
0.98798286063955176
0.83783172418357299
0.97092774498368883
0.23711042487546227
0.9792044930924485
0.93651828486650945
0.62625373838157938
0.13544634702967093
0.98553148927090961
0.98023692558805842
0.24048853941450507
0.85626626453541455
0.96419400384154974
0.88265365190146472
0.92031848453368426
0.99435337458091921
0.90853546790373974
0.87178068095869388
0.24557140027064484
0.78389099770435156
0.22296712702788074
0.4328268680404701
0.71510604563205293
0.98167178580664172
0.91431475958161634
0.93383988280306529
0.094036360356869367
0.9180449505069318
0.99495413552526424
0.9298877758655959
0.91318962587702601
0.94206609269839048
0.95822548029022248
0.22131172218560194
0.96498725482596959
0.30332202289794263
0.54634017577622596
0.99082590270365356
0.96109744691276444
0.91925185634311357
0.0073383527953412783
0.96383668624310459
0.89881047510557532
0.18129174025027789
0.16577386635281582
0.23379560580455247
0.95475567384845883
0.98529580116745263
0.97821462908192192
0.99247760985634614
0.98909825631403847
0.90028594881964874
0.18113443071431495
0.9124313611381949
0.97800333387036531
0.79784510658842356
0.23929005809768492
0.36638959459443449
0.17143118185059386
0.27960366296324418
0.84407258079242586
0.85215617102725394
0.91845567211626056
0.98677662253015097
0.97545595937070795
0.99487635160073695
0.96722028645635227
0.97497713239061756
0.22296265284605279
0.93080278099220648
0.9498280337388374
0.96177492378348262
0.92613235543180772
0.83323376775585367
0.92421332533752454
0.91335441601413647
0.8985541406629598
0.9165031868289043
0.87043264572126178
0.86513749285340835
0.90861020026924144
0.98095517843813274
0.94388123965283277
0.95504291160384247
0.87983067699047279
0.15072093882038534
0.23291641700393936
0.81316539228271856
0.85126169850012001
0.18077260338646786
0.89980454527383769
0.97182943705509794
0.094153218532369728
0.95457634370265643
0.18580999578738047
0.075714768838681279
0.89730818237906684
0.99487908563342797
0.90976426482623185
0.9054960021589209
0.95266690277655619
0.30653998692137374
0.22723568726478427
0.88908922586630323
0.28286054638421082
0.94238022716466729
0.94754269204864439
0.99657191140550749
0.86906327054096055
0.22888812188747451
0.91690320227754518
0.85303746642209177
0.20581790437449987
0.35033432184140612
0.96303235325298453
0.93953997726686012
0.85071288670135892
0.95210981350473012
0.95943007933207203
0.84929852030176045
0.19006789256527587
0.20090770105047978
0.24837057681153235
0.97076411320675327
0.90253287377691538
0.5039999133822014
0.99165907329432357
0.96825699048919089
0.95674935006956963
0.9848908477208046
0.94251330136020162
0.10021369974476683
0.13895245717600518
0.93263716993317958
0.036198011852733504
0.94303968119742898
0.91588195566252095
0.44491114607220544
0.95053707980466695
0.18676574499671761
0.98842860812954403
0.97033419348843974
0.97030341636042639
0.97362713384846067
0.95884001875081981
0.11369945953463043
0.95502565819588636
0.96071068914581437
0.95797516446228437
0.96816078084245327
0.98999808000596512
0.74558332684413964
0.86177353942633483
0.78585329442296892
0.9959140383142584
0.29181821109941503
0.8975077687037315
0.12715778498052566
0.95615563964417216
0.9922848405526723
0.89413645992782387
0.89036098021495114
0.88723891231711838
0.97710683667346332
0.73681360202624091
0.94892897224457673
0.74054154200771471
0.10907981714025257
0.97803663554578524
0.95499103089361392
0.9454008471021087
0.98506314124842898
0.9000289673161479
0.94189095621850905
0.95221105535183814
0.94047050476244831
0.9562209000150711
0.17083936464265215
0.16188151626595521
0.31060253822727579
0.36436633108896183
0.31681052894150458
0.90176971716812448
0.99606038308546951
0.97805942332773677
0.11417217780377471
0.9509013867921412
0.14129810492732889
0.92682596450511001
0.10105751260142652
0.98686108257392768
0.33537908618293905
0.50674440211483895
0.60695890199873248
0.97014697464615163
0.90718062885284834
0.84817462306662128
0.88139073679098734
0.87688887552804828
0.93695175877779657
0.98651382310956304
0.25753801783223612
0.93646834671794399
0.9883184174013645
0.21442447281362959
0.92352538026010889
0.88908807098887588
0.92661156559925462
0.84550390763431027
0.91400784704466698
0.95123363838001551
0.88024646698282794
0.9823268461926804
0.8573852356788102
0.91430588467764251
0.2864075010068044
0.94011255663541171
0.9955153834709789
0.22350264621674104
0.87793766173162346
0.12158053316326001
0.98077206871509837
0.7610040299438644
0.99774295695117043
0.14923279924323465
0.85552564320686764
0.16995216849257369
0.19046512121614112
0.24064213038414745
0.76421517961789209
0.18396993098056019
0.1812228961195779
0.81563399122060753
0.09616202020968613
0.90082304632291821
0.97568114045656174
0.96837679550970324
0.080261927647127668
0.97459962029627178
0.08048177004621318
0.15283518793593245
0.9278656217307345
0.22977892885681869
0.12506590975945206
0.94437483769367658
0.9578075649143476
0.17513991690130498
0.98423906076189582
0.11900244629180483
0.95559950507310876
0.38208017131578581
0.057884493991288338
0.32433140687037004
0.89411218507634871
0.19000630043946809
0.16170981323718117
0.92143178345838728
0.72047633389702681
0.10714780441536002
0.93820769025687256
0.14187132757138543
0.12279001485648051
0.774279680860261
0.28963873791502048
0.29628704241218573
0.38054612785548447
0.22586232147497431
0.82866685128600048
0.10274085198614608
0.25309318037361977
0.97324114134064976
0.13419103928852799
0.93352069957567918
0.96397899886878735
0.97713476577743863
0.94097813629712423
0.7985527828672323
0.21025408998748146
0.85972329479804055
0.97657857363857714
0.97650776827444785
0.84641164481476283
0.93972779486596048
0.97121995636740455
0.72774505205802009
0.13329110298197688
0.86942240457154929
0.9569567616730329
0.93674306225665127
0.77663587480722329
0.7186154038079533
0.91409188545121722
0.85301669683126036
0.99390992255400179
0.92357558811554785
0.75395145141394437
0.88158928221536281
0.15144412744347327
0.85040089736626923
0.91883827991418621
0.94709555078575869
0.96858314106188437
0.15608726749888893
0.17652742491807877
0.39112254227973342
0.9449817929859482
0.973185979361749
0.2729333515051981
0.1236200457886007
0.92760603691003263
0.9246258933075675
0.97876804044876697
0.11146569589018364
0.97715926980483359
0.9664966997956369
0.89923981802671826
0.0346039307825401
0.90758519811095162
0.84453616810246435
0.91883402095959332
0.91567239363336195
0.2614522331332097
0.074204178563960832
0.97714758441468341
0.96132667996611998
0.81508992224206767
0.93567164690952231
0.67280285857008293
0.29943355527252752
0.97525328806373757
0.86372359235170459
0.93426951506802358
0.95125198661013499
0.91167814854323626
0.92773822280601226
0.92147557871368513
0.80419909728101036
0.95397935342406393
0.28880766543494485
0.87643928879139366
0.98142220633011512
0.09417835860210802
0.82326309941305098
0.826636746882909
0.94978862606226278
0.95450394492211532
0.2431477271660723
0.95059219208975476
0.96036656930365394
0.14815177036557936
0.26639874333329527
0.13022376311082623
0.98382407855374343
0.98637436159155611
0.25711469085543576
0.22129510216676446
0.98318143248463075
0.60877039323500615
0.93810372201124492
0.98500582235556577
0.97688852059407483
0.92566445856318391
0.95995329874988233
0.92201283581474713
0.95481351521897984
0.94926858389122415
0.40444478954383295
0.13510847532000303
0.89775228092651094
0.76240576275182714
0.89283877422400926
0.83781434368822572
0.27398513235844812
0.97757629486083097
0.86245829398541729
0.89283323878465359
0.93017299535843034
0.8901399656688358
0.95428985930316645
0.32601129354523378
0.90234467238714688
0.95223365216132461
0.29899001276905768
0.82704158161033925
0.83056607966538121
0.077458345185782998
0.95519604849650797
0.95858796765063348
0.94799018351967768
0.93993924171987353
0.03132445904586463
0.83009414822875205
0.9238222982807287
0.73831771384628864
0.77202975234115911
0.89233835663613881
0.90282398260742713
0.96380827902142208
0.86145336202168665
0.12462033559902609
0.057365569980771865
0.82127534419456072
0.45195446614019258
0.3817775033674356
0.9044837351885322
0.093468313499757857
0.27931527546281365
0.36761929876042232
0.95889166109388035
0.96358611368835956
0.96709980569678922
0.94819383796863355
0.98060986862466393
0.900927045792286
0.3100513349534042
0.99316905092161034
0.90190446112410272
0.74830545006515126
0.94232069163328902
0.91745476003149817
0.3306586427316015
0.25217640188332446
0.3457535581891753
0.8438836599750521
0.1619792915968814
0.85950333812367841
0.98558746194929325
0.99437111713788706
0.67847872085127392
0.75420198270031613
0.89635507405673254
0.75145285460884426
0.98398164245711195
0.07417370817581645
0.16642862099896275
0.94467735266089092
0.071332410579311098
0.96466629361515244
0.93160580683056449
0.91500341024923193
0.99613586344062433
0.13978909459860112
0.92722407795028949
0.98935419714873607
0.93821385267170565
0.99123784343350363
0.98949598041455822
0.95956848986590437
0.71970793881464878
0.22383298634979815
0.99156981225311958
0.86104497453647122
0.92929069961519761
0.90434333151442736
0.20824697746646156
0.92137356573715856
0.27099559336210399
0.30940083492694376
0.90503061265793938
0.96820103331582341
0.87158420506660872
0.90401709581849454
0.97992626776974168
0.89287950936150862
0.3506843746799978
0.95432736827574394
0.20934878382291935
0.86520675188805429
0.14746048752981952
0.050787331074611107
0.79480488586270004
0.98116133155912577
0.92370753221233304
0.81941468737100087
0.18927734152760403
0.95053271655720617
0.85405523562422514
0.99487853711202556
0.95642332740769531
0.92918496559629027
0.93806098577796715
0.79425276583050886
0.99712230183277606
0.94049576393687884
0.33243768247435412
0.12401197728830243
0.23328472727201427
0.99541150951953217
0.80516096165395512
0.93979680437646351
0.98834636795712416
0.94723112011413046
0.79422025114502859
0.94618736772756629
0.79101104227044361
0.22861341512027883
0.18016116988933481
0.75938898575175551
0.43513040827961291
0.89175894299002212
0.97021288544768836
0.95236929103853474
0.8481875048626305
0.95945482943490046
0.96856503455422371
0.88035999633252415
0.94667422896463627
0.92514391228586645
0.13496465751274347
0.96956026337602563
0.98077054383236717
0.26623253727955726
0.90418535198312022
0.07332511626619008
0.97316407860927867
0.89724878181130219
0.94881426100939203
0.90322589680211773
0.16364890138624269
0.93732754902497428
0.94936400703341839
0.13802143330557437
0.84175101524655427
0.96511481869242599
0.17699451494845977
0.91253233047907911
0.92834440672815133
0.76668866277546954
0.96029320144201613
0.7739319715667462
0.84110384185466203
0.96274636116808288
0.95000913522351116
0.1936349939462971
0.17507423027572894
0.953308032342437
0.88951889526603789
0.15630609165913853
0.26143387829043568
0.99567158461875327
0.87186508403201202
0.92956878405693588
0.984661582044141
0.9896444759729226
0.88041445064660262
0.86916306404766031
0.98252406634845701
0.2093212106088482
0.36323901467496689
0.87874589552703763
0.90805663251434798
0.11573151227140487
0.95268233726123064
0.93351544904732109
0.088929285774376254
0.99250002385659808
0.98488779125724857
0.14853486960632242
0.9436079940789186
0.080298174933752325
0.87454636124032792
0.80071067380993455
0.92696151514081748
0.90727539172453431
0.93419355340250998
0.96857787985301558
0.32829793435212223
0.91755992488749971
0.91293121682934597
0.89793346290117737
0.94726370163953399
0.30750342381654111
0.92785671414729409
0.89488983763376517
0.92368539726793319
0.94428744551391675
0.12704676422164612
0.97475601751476626
0.10526955474494128
0.89347371165604517
0.99035309917271575
0.91257679769468514
0.73728579437586517
0.97342977072151182
0.93260939442345692
0.8948977190711056
0.96384806858266336
0.88217703775264777
0.95552109823230624
0.91899076585460882
0.45836106635401291
0.12372574345513752
0.13053893364344479
0.37080470859659292
0.90310619348101917
0.10582524285622957
0.25609076401793118
0.17268394704327203
0.88943363584668611
0.13394401707841178
0.86219967609528303
0.46606654472698406
0.18805739835707722
0.9159590344640699
0.95999329644753895
0.96885131208455821
0.65298169120992389
0.95124311939381678
0.98112053999255322
0.95474908536766678
0.92480628306440793
0.36458328230169906
0.27334615669851775
0.97446012323751074
0.84057667309122264
0.96665142897417067
0.94046083501145217
0.96127113789114516
0.29534561749055682
0.79192952310592968
0.97775921163549595
0.081574595856625784
0.97755800999775244
0.19511668962702744
0.85549998686034323
0.93507868587417098
0.93120021603616598
0.226479566185463
0.97818556044406624
0.97041455243973485
0.2352309359994306
0.85396281994862633
0.066040241419715415
0.95470666160828377
0.98188401452498653
0.19490890758599083
0.15484368318141545
0.55770097947873265
0.93395829113443551
0.25532233390617626
0.37622596252002072
0.98599972181619921
0.88315031347971629
0.17230511650914385
0.70329496912799949
0.24991344856038569
0.075797923747984372
0.97031648298670348
0.98334784998212232
0.92662001824913165
0.041363304108559255
0.90193139685990309
0.96415484659743445
0.98015853623214666
0.86384601674253514
0.2676339912435543
0.32688342831245937
0.24668191964701644
0.3748383486233689
0.70462786263198074
0.96500295325128294
0.95758649859714384
0.93115665446734053
0.91495679382987272
0.94431410237303381
0.91022070875673666
0.46045176599039361
0.86701163787199853
0.51227233788755921
0.19753941745466125
0.95855012428535102
0.15620611666818088
0.97415905564656102
0.96377464656704925
0.90986128562487045
0.99358727243189926
0.269329421914279
0.98380773373764041
0.94206269933225484
0.21959542877498292
0.22763072981701135
0.87483267260235686
0.088597921573033755
0.92553381250824052
0.96621655438872978
0.89850999623817429
0.95272397752644999
0.77034030306456447
0.28779596532552759
0.097799803881841521
0.97646509335081599
0.74447985209823631
0.95669236017428205
0.94743000432614877
0.95886523324895589
0.9561201973668596
0.93994464058520277
0.9706765933090058
0.17816729908521672
0.97444262621720501
0.93942806826701519
0.98563338719004678
0.900104101093672
0.051995654290480191
0.99210621461024417
0.91185833165852159
0.3335912160780069
0.93091043311099941
0.86373956936612506
0.92692996018503415
0.86825048579125652
0.23778909764353764
0.6457290090760367
0.86519307372459109
0.2472526874136064
0.93567925374894834
0.95380573455504125
0.98766711389049211
0.90372293487642874
0.87179744208382359
0.93183915241450732
0.91056284293536605
0.26086466557191174
0.94634255520253263
0.90979796237895927
0.98674947085553721
0.22858589250371905
0.94440984225331892
0.93195988235631477
0.060278767958370942
0.36256603670602433
0.98124100009747406
0.30110832756404304
0.9007861110636427
0.79222369848304541
0.86084976027304339
0.93681184675510731
0.3247537396579438
0.86584290042456746
0.9380040635137723
0.96748404582187997
0.89423035287236352
0.96241564308284999
0.97327263841423028
0.92750352801649194
0.9446957631974181
0.93949847814188392
0.95429565590595977
0.79515966239181024
0.18109824198267227
0.9622496405919333
0.94280222383533063
0.5958357431741591
0.28109387768749711
0.96788437639980618
0.97458311437591361
0.9650804206404856
0.94884493263997982
0.97053217492611743
0.593273233186282
0.10429973168358876
0.78838140679009305
0.86872180739092286
0.9847808185206951
0.96196269355476982
0.91833591662654213
0.97095139998632241
0.20564839602163842
0.15230006005686902
0.96015489361310458
0.25142343737589967
0.95042096483753713
0.49197342273352929
0.90025663961846436
0.92096397920057416
0.98689466086033739
0.98406603873429821
0.17370279805125566
0.97830586150878107
0.10611161617261165
0.89556471278081828
0.95302145496185875
0.94678978275545256
0.90380587446667415
0.99671337646185632
0.94196034644352333
0.95669605634154176
0.97652024717421759
0.52899368757857912
0.64459594878377224
0.95701218265593968
0.98652256687881301
0.99135540784510445
0.22408451257250109
0.90913904129228396
0.82206017194548064
0.97985647982772639
0.99580890633803842
0.86587482789302816
0.94452880016424512
0.87924643907515365
0.99654813048889879
0.87791116577699113
0.96810278957427376
0.20696094900737641
0.88995188762203736
0.45906372473287382
0.9255337117078829
0.74527772810020887
0.98007321005109838
0.86400863481380163
0.53330333624966519
0.59058547589404775
0.93293876706375045
0.90073563820734048
0.98082536505886342
0.48188181236248367
0.84638693087234329
0.92449179545732763
0.12691225048288032
0.20648238092014448
0.92638111863904926
0.97333651165232393
0.90324452224183616
0.77669563850615042
0.21565294316740094
0.34744479623908503
0.21992816762172662
0.77158680951859482
0.38405632575750304
0.94339815244738046
0.73849992810046294
0.24995014474846122
0.84047944336648395
0.80454554891238239
0.98194110066503826
0.35190869150501397
0.97749083381964097
0.9737844789516944
0.84103398981298993
0.94744235492989382
0.65712476368259876
0.97225615253691355
0.11257226421116681
0.37122970438133568
0.39692476275017241
0.98358030913703043
0.84389669047495142
0.32542249487900315
0.13644409096576571
0.89081834184731412
0.95709259877031949
0.17045959291355561
0.94297611953567395
0.9930458593611986
0.95517476617574115
0.93532577453026344
0.86353804630546771
0.98123771288738171
0.97727751946982366
0.90716576705834706
0.97463666360901069
0.98846947844079913
0.92332556546772893
0.22670990462554291
0.96749273722647344
0.97236577746921382
0.80894585114417583
0.94333705956465375
0.92586598958664468
0.91179825131925885
0.43406186498089205
0.9303356224874999
0.11593533280269526
0.93922819755050413
0.34072298990657079
0.9738798999231143
0.96372063422721987
0.97874759702397973
0.96560253970669407
0.027646965246483222
0.77720894456284606
0.90745451714153691
0.069636749626859812
0.98260235525983597
0.19396539611828634
0.96321143805762355
0.97259510405505689
0.98020276803935769
0.85556626534393609
0.37911111994944913
0.93003616461013816
0.97932535543838362
0.97795104539764377
0.93879331619645068
0.89086302938912376
0.95191521463464079
0.98458153718525332
0.97313911355542948
0.84270879433748269
0.99666986364292098
0.89681804408388799
0.97740393806431414
0.98379838063629976
0.98994761293873401
0.90358611387268994
0.94224648590826443
0.94212970222143322
0.86819326143739584
0.89927722165303925
0.87905092329829249
0.96409734655644408
0.8038590605408289
0.94061450178626427
0.97104062670800295
0.92997410521174961
0.89833453973903254
0.9193753124166123
0.90843226806146027
0.22340479817408002
0.83409928888497875
0.94852496214858573
0.9508123140178899
0.97257713675921709
0.3448779023546123
0.90544280281518985
0.80942798788506143
0.10714158081826791
0.9671621383988287
0.2421288812099853
0.98127756871006866
0.84975946253019607
0.96471884399315866
0.81326235797523283
0.93076933606773637
0.87779339463279926
0.93829965440007002
0.95746664217133914
0.20169227602682793
0.9157666906512385
0.9051479213167255
0.89327367908094368
0.89746391473823028
0.97507381267655879
0.14180569094376236
0.932530970855457
0.62174267591167554
0.35853474734266627
0.89410610605845853
0.015084727028852845
0.98298528750028702
0.95904672392686974
0.88584973255040989
0.88711752743790451
0.31349317070224919
0.087496699699664587
0.9510470289465881
0.86662732298949252
0.19709277925248564
0.85693487899744414
0.98933947375490816
0.82894688999301169
0.41227559205076142
0.90430121143985287
0.29200664382407976
0.97827966654321308
0.97934045583603346
0.94664835004783865
0.91871663967171779
0.78120178462808487
0.92544122678266827
0.98299898346504411
0.18202756988885166
0.96426090645068652
0.99196997070677573
0.90916868672267837
0.8309749935959172
0.95944952974503683
0.23676437651372592
0.78000285131500502
0.89885643658982428
0.98458547972682775
0.96169863483490969
0.99678132129984287
0.98728696954726747
0.90375640861371787
0.26142262431582008
0.97125160484618034
0.98396668833193013
0.93255133620519126
0.12064120785900456
0.97307390540664651
0.23632151369846124
0.86857387279844489
0.98970981825709881
0.95153297240811952
0.97768938391865368
0.83635237627858572
0.98680391272569512
0.93772750787070946
0.79247326612475999
0.98928477729325637
0.93457846574516512
0.68307982314309512
0.17953111794326573
0.19237962813214946
0.95292526417369583
0.78924305109998028
0.22994890380758151
0.95847287773234002
0.96550794728016509
0.91625169745985635
0.20218253164746733
0.96411942848339571
0.93726107163473305
0.10404057396884596
0.1461419146017317
0.93565182783959455
0.18328945783208253
0.96405673352939103
0.93836759064555875
0.89221614002585103
0.99461839128644358
0.053726623907162777
0.12507421257346904
0.86920074539846859
0.84333192962683545
0.95122402541097684
0.91089116691252747
0.9499130966415652
0.92130565273607812
0.89891983683677956
0.98238600245194974
0.78200857626294351
0.97029123125869887
0.33014995885210047
0.29889212488241407
0.89986131726700436
0.80638266146968685
0.9580693816918231
0.87899317381613007
0.84204359562464304
0.12522477261919421
0.97523530650967394
0.95051104543925469
0.97815965052678544
0.93534762551116724
0.95643662427077991
0.82571788279343417
0.96985634004574506
0.18742448848151638
0.52531097332298049
0.92231933165932212
0.94671112096335852
0.90434672190919974
0.21121785670027479
0.78378287744605535
0.98597370263361561
0.96122378610536674
0.84003934085960241
0.97679644255581499
0.8663074909463232
0.99096783072175809
0.33823900342194924
0.95998398037608212
0.8137072709680272
0.982558500129593
0.15908091747514341
0.91209681215601257
0.97295688125953095
0.92168297499684382
0.81354368759362528
0.88797756155999852
0.82909776810236036
0.78542214435159241
0.14732200886450256
0.93139579721754018
0.93576352849160138
0.93513780144749536
0.92786770136089036
0.95659845795296206
0.99510114703317665
0.26231793197309655
0.99473540648268166
0.14505952174889808
0.98501898512196839
0.63615702620629233
0.95914078267828873
0.23304314367103712
0.11660824903904322
0.12426700694282997
0.90032780143102942
0.90652693715585997
0.93029482491987003
0.67742454701127242
0.97991383058371284
0.058153085284584023
0.9470860669593969
0.12719737041338439
0.98839471541313018
0.97574799607072549
0.96098617010496845
0.88046093915043544
0.31359075835492223
0.94038557753469654
0.26246653514079082
0.93078484469363332
0.6249294707420221
0.95703749583708098
0.98185950715800474
0.34018547595247711
0.92933016904869881
0.91882627393992933
0.19638077609511329
0.99633610271820339
0.11349631199139083
0.9332275684268363
0.87313244979373694
0.91624272550691344
0.82439387032330724
0.98250576842044091
0.079729310522845029
0.92721788779504344
0.21875245946326421
0.33426198149090497
0.98088737302466045
0.91637997875193278
0.80796280305639812
0.037552262409708319
0.92165286061981433
0.68703156676676125
0.97168134630781045
0.20769163559886869
0.99384700868807163
0.11507745609283335
0.88144943212425209
0.19168562396870162
0.19910739852372464
0.86104998712183178
0.99275306902025751
0.75934001917308724
0.94469005137063045
0.86880790984084333
0.93923958914068462
0.96093110988697916
0.97156836409318048
0.81762727540884828
0.88419350094845806
0.13084328654020369
0.78736622676809875
0.074787501437532197
0.2664490516090624
0.96077798860834118
0.19696111562832505
0.9454743544209111
0.9251473211444059
0.94702915735603133
0.91848882878949312
0.97686185626634892
0.87157684993495443
0.9855340510814351
0.92647846061082684
0.80379366844659927
0.85484135163828368
0.94927395571762507
0.18909388058651377
0.24507310043359037
0.44561550126216232
0.95500479924836656
0.1238413930307351
0.9548060297659281
0.91112744625761688
0.79072997659228328
0.96425966471715951
0.99445558919179566
0.86130197443834511
0.96123164392519156
0.98237723317376191
0.10611595721887901
0.96367177993014019
0.092249144618258838
0.90732137213068709
0.9905351443305056
0.97985499136331711
0.085187568354373355
0.19577599983295366
0.22567070488742644
0.15012908131562666
0.92362028833023813
0.78323626709517413
0.94981997531347617
0.90377026602853283
0.97833868244411204
0.89416184216171835
0.74623388605265428
0.91311600035876561
0.80845675007652196
0.97244566971790913
0.93855896606005484
0.99480169361073811
0.89015792766967661
0.88099566915487093
0.99607372884897627
0.94652015514271148
0.94018914929135955
0.35356833639267454
0.19512784464649127
0.98697151763909552
0.88947823690357031
0.95308279727783152
0.17613689614658121
0.86998051613584704
0.98453819119502362
0.28157723164317028
0.26799775742462956
0.26601817298910668
0.92029219695896736
0.075336644235029004
0.271014613324987
0.41128769414808208
0.97722672405952571
0.99464650446750746
0.91543873198365122
0.93755191305322383
0.98575184836082208
0.97385266423226091
0.9333545967200636
0.98276583603704015
0.95830031758949452
0.98261817043317023
0.99159235074226848
0.95124913818132029
0.23629431492127592
0.66547612456335248
0.1125766971084434
0.87724109829418007
0.99320320037573939
0.10448958475485288
0.19385450277504099
0.7564274851560927
0.95164086568039641
0.94280068897817326
0.99352860611388194
0.9402663437509261
0.91813077782831709
0.98101096504613039
0.98215544419823764
0.9894770150249651
0.9371331947351228
0.95057376117360426
0.99481174531949146
0.99091684157905824
0.27063930219848797
0.30239568758510355
0.21843752876763736
0.86622897274821553
0.94420474684088018
0.95110367024575582
0.29772986920455913
0.51568819910308195
0.98608907735164464
0.97980434901387714
0.208494360483619
0.93274634704682979
0.85261751313338452
0.94218577627332689
0.8383367661875547
0.80654053772399648
0.93361434370379515
0.027790727774229598
0.96621632546070157
0.96406339675965558
0.10580486394028402
0.85642463790627577
0.99181352920796695
0.95743944855655239
0.96134369971375566
0.86516409460282784
0.9622613631276653
0.23079780996266019
0.99273951461859922
0.9821823361599501
0.9246655263713619
0.92897258174469632
0.039500495948566049
0.90882804955980501
0.93677333624257864
0.90741137475357958
0.91343446601550871
0.99451079736558756
0.93341403299249759
0.95256961831986842
0.9703909042638168
0.89520907662648286
0.9910446123460952
0.99138868004578551
0.9552706026584995
0.97993688508616772
0.15249952532212921
0.92752964231618862
0.28665691028255924
0.98256825643175405
0.47502444681392048
0.98388904955843159
0.97846292305197424
0.94423064344419394
0.81229661028805622
0.98579076262849363
0.97132559819814845
0.91649699323208211
0.14276420243363483
0.99238147849236136
0.92896717717591937
0.10982823391918904
0.98891781871151929
0.98351400936880795
0.98209349284191616
0.9694673266996886
0.8471439619107225
0.92143515963032718
0.1526498002069677
0.9610878642080013
0.20597573314098114
0.9268198734157177
0.38878812588072986
0.97337320960177098
0.92676132263185973
0.88255652257056572
0.97870975940415217
0.99065914167532421
0.94467417833161915
0.14687662549181754
0.91723705693339574
0.084786143592229399
0.83981482670332086
0.13641779327325373
0.91468034857547387
0.22905908522866009
0.97467526231970736
0.15111711995968433
0.68130999383651947
0.78308264351452384
0.86633552689200088
0.98546512036340228
0.94025377105771479
0.98942594873754819
0.84079575359558134
0.85575177804877611
0.99213368209269992
0.21231698935850166
0.67358764288693351
0.94084308335258404
0.029650972730967107
0.9787076638620702
0.8663279557014042
0.90152225325966273
0.98791403837376113
0.97292434770109637
0.89145916500498235
0.1020644197794973
0.12510892407215379
0.93725395976664183
0.97862455156321493
0.91060454714957684
0.13572576839291328
0.92711007171111093
0.17360456396975532
0.95873169854975593
0.82990556528650372
0.73654955931723598
0.30380848220419993
0.76163130732696038
0.78040925655545657
0.9528568695340266
0.95254903647997913
0.8881037972515009
0.87526702826558889
0.98387962750537161
0.20291135514679332
0.17131493631280159
0.99170891190057953
0.15987073002993177
0.95532742313951491
0.99442433617628956
0.15375045403352758
0.94575914638960279
0.89092157168916986
0.93068039294803895
0.94868031976177725
0.19582994560372377
0.24469288988687324
0.18669082803142148
0.86516358236498359
0.83141452833585638
0.18642482702270533
0.98956941035383039
0.8558165906442502
0.30561482538433737
0.92149816967150666
0.91676985725142235
0.083100581195404366
0.96732709769430036
0.95241401544570858
0.98446510591512937
0.95555820785852907
0.91999565885691059
0.96701325574189634
0.98986114484676324
0.88947998024522124
0.067619127475253227
0.9208186941013673
0.44962918768474536
0.38683968077305181
0.9731365198316918
0.44435598412056904
0.89848446037602259
0.79423886259729437
0.96018887092274841
0.96731253925657379
0.63226574338776287
0.92019768878763686
0.91497709449217723
0.95676776740246727
0.94829909334667395
0.21577417663620202
0.97283682087994439
0.84413898367801066
0.28493602907472271
0.83270732988686347
0.88023808137161952
0.19682591197306473
0.99248142819657503
0.19822651706027028
0.92206800858563565
0.2658805684345581
0.90678873937573734
0.88039845142167195
0.9879005854450249
0.95427330264881505
0.91446786526423196
0.95740210049259555
0.59053732753652266
0.70533790906160887
0.99651661839835559
0.056857071799503903
0.055786413945629089
0.28469873927928052
0.99365495705336537
0.97357666342853022
0.81747246076700997
0.95131074647841984
0.090055517877011881
0.90376294534648216
0.93841292575211299
0.9288756367422516
0.90535695766164759
0.97769818764008798
0.94510114029549519
0.13476959494800117
0.95615699969107704
0.99251925256382512
0.12931180900619582
0.22952072233664741
0.9824441419498785
0.19990752691301888
0.4186642461467493
0.33098361753440614
0.87390606399759874
0.76228367300837274
0.21308283131098818
0.95705958287598292
0.98289946238833914
0.96169285630608881
0.98311142179024114
0.3108285208887146
0.91219532749494803
0.16102833963685109
0.97712139144989218
0.13436251625774964
0.93456419197826679
0.95524888697918386
0.04118363819421391
0.94919224234305388
0.97497027833512384
0.26999398816337677
0.97055865777478079
0.30895510722361541
0.74645252492351644
0.13569383694737275
0.12463856896415595
0.83103511887239334
0.69668201022595522
0.87823011530905382
0.50413273951983506
0.20641063308371696
0.89608970368047713
0.86959186319197801
0.30658815640525405
0.28609823893687586
0.92704872115245018
0.99183834570481
0.97465322021730971
0.92164152360517193
0.96366249849439978
0.86199573070729796
0.93272388265284911
0.87338694945832973
0.9909799670109527
0.93601252525424039
0.82244727464063239
0.93965943735038371
0.94290493005606235
0.88807334126402715
0.98325346920224099
0.99275750753644831
0.61244733032287013
0.15563676897196016
0.22121653592972174
0.97719551400311233
0.9772466816111095
0.92456868226760502
0.85967299575322265
0.95768084632480066
0.11947075360388824
0.84986393801934379
0.16049146013802987
0.86309198954800381
0.79174752396670389
0.15621925943338225
0.99139893408556512
0.9720628681209148
0.95274280522300481
0.95951896127048686
0.95865639864779817
0.91959676937974066
0.99032403707656413
0.8861519959427635
0.96616386978164104
0.10513538973590132
0.73913185046686136
0.87537406782765848
0.29908492232047196
0.98726535023504691
0.85691782866469191
0.72919617241124601
0.27826679687001121
0.13683286504404016
0.92645746460518597
0.95396523797272104
0.21972994969084
0.97449925754354338
0.14738091093574604
0.95210382919689085
0.92638997851304905
0.41028728689868393
0.80360661916180309
0.96287833646836984
0.093837883243216597
0.98347070246188439
0.9677591056364766
0.90907208627161051
0.92182386372209357
0.98739199432881219
0.9386375857577951
0.87619951961597331
0.97689884527265969
0.9864072960968584
0.875557011501228
0.858628056189915
0.91993225724186289
0.93528197706640748
0.22066220719352361
0.98465804892894726
0.9642360505912021
0.98979916152063019
0.15435421647261577
0.89488105055192058
0.96335539541617932
0.88205411242893095
0.18079823884259516
0.91507680208944353
0.96040464955197635
0.85601522814615172
0.18552890166508615
0.95068538466008923
0.90051934293531111
0.31379931402293737
0.91850094919891823
0.38159065851954238
0.94777575342046338
0.98048920049307409
0.19677625823236786
0.21984738127603817
0.92175874703809513
0.79900276905316236
0.91268450198826456
0.98081626155361534
0.82313676894876597
0.99604672881148071
0.9689637846120599
0.98621184847837684
0.9403173115509007
0.17907550017887658
0.98900686077577449
0.90030935544941049
0.93703950154800031
0.91874450317092149
0.2406344491503844
0.84556617235693898
0.87145836288446454
0.99333494494824592
0.025697825869076301
0.90279597058338901
0.99206201424266649
0.95000401131321766
0.96993706538289526
0.94813369373928436
0.98961436127407632
0.96877551980849674
0.13204578250872556
0.90434512590485461
0.8248344964053167
0.95717900774207831
0.95939414165334291
0.8112348673881884
0.21107930844745088
0.93387051327924098
0.9521056642658412
0.84244240216019795
0.96111097585173
0.12053643011901925
0.9625591877845584
0.83695206738122885
0.88261872186932855
0.55960714376091714
0.91685442016078555
0.91032003867725231
0.9268517118131131
0.86881062887844829
0.13276857512099688
0.18602330979506956
0.044128648283773809
0.98244361482233444
0.91981598603307924
0.92797276258813621
0.9711255924378972
0.88194446877457799
0.97842372967779356
0.050057528060457018
0.50383483247245942
0.99682271643160469
0.92659898172892474
0.87778561775209429
0.97996637504679185
0.97137328930940792
0.97555534498894969
0.75712184341332744
0.2817402859639887
0.98772413627447364
0.8365454706614569
0.97623447323511103
0.92170083028810312
0.98299614418987602
0.7834753608654369
0.83946693026220764
0.98345135953018081
0.87581096901797828
0.93913125583429913
0.92534711243105106
0.93956410245732203
0.13960583398013104
0.86848832528042319
0.97019728623872148
0.3261741762676908
0.84090112576555875
0.73793220021953498
0.94018932503671793
0.9671430758398103
0.16447159777914908
0.95162198087776784
0.97885452595063971
0.98154975192720761
0.93339295332309069
0.9296931836308977
0.95119158732641185
0.79023946140583423
0.96576719438745495
0.17760968133788818
0.077860843072837957
0.93561891108521422
0.25704129861690406
0.92211047014212622
0.10091895834721078
0.90703320487039751
0.78043576043425789
0.86205394225889165
0.94077265843289792
0.87123975795702402
0.96740463374846331
0.97482481391612674
0.96839786374000481
0.90556781819487775
0.95516349372518561
0.95641446384781748
0.96571073927477091
0.97411836659288376
0.12742315063042459
0.12593726694522334
0.31965597592606199
0.90261183801287781
0.74748441736597271
0.14176033418402537
0.29253229502437245
0.99438209608262873
0.84296911030225874
0.17771931207966424
0.92764812497629345
0.92340912785467566
0.33571106221295249
0.19956321026011337
0.93593429428057429
0.15079699311845435
0.91295526582376185
0.97723438810089658
0.31734614934310729
0.98813817659674963
0.94440856789900463
0.9480976203505419
0.9434204876386364
0.25788073945949902
0.98588038472645001
0.79115813253476341
0.91749188527993453
0.30066202242174994
0.94176132856817207
0.91563445695061518
0.23813337771750936
0.022219780280842698
0.93474924725040898
0.92999128121681962
0.93849055355420397
0.98211248478315916
0.95904343504319178
0.97963951356103462
0.91179788897534353
0.98176623919555217
0.90021580677009738
0.066849332967444261
0.99090583306928526
0.31994486359613977
0.9601761905836419
0.95137844610098754
0.91540432458776211
0.93675580959227045
0.97186201433031449
0.31049128179365953
0.88367816818622968
0.9881721466549388
0.88722681796908365
0.23238468059674824
0.95509451784257982
0.82620001427511947
0.39443301654042584
0.72618193973167389
0.97455517680646475
0.98169292541801967
0.27231329958864292
0.099601835196343441
0.93340403999077448
0.96507656282400145
0.94308643702788508
0.97238184742372669
0.28910255840204574
0.97672646953728159
0.4719560092693047
0.97535093110388604
0.9058265902841065
0.79825502948584692
0.82471987294723237
0.91181256078043549
0.95106272745912468
0.16825456020444532
0.94841994723585021
0.92341874209732111
0.90146593374808748
0.98412017480651404
0.96258572474263215
0.035441290153301337
0.81037749396186765
0.93496919938156797
0.97882307881242736
0.99437966525368782
0.30995221192993422
0.15436914827596743
0.94175276803507635
0.92494295052079012
0.90948684310505223
0.50396298913599158
0.98489090351415798
0.88655382141860628
0.92187434098527798
0.94975860280912994
0.94635456779086402
0.65609484259696005
0.97148757655633267
0.93835189012783338
0.96834021417601601
0.14779371409193631
0.18749940152855862
0.97039080486000684
0.9900894098923162
0.95687693808030361
0.78526033680843355
0.98034727637709296
0.9891620274876064
0.99738721411933473
0.25664605573761551
0.97351845380547908
0.79327511621795921
0.79396385731375319
0.90741816218592908
0.98530416334104565
0.96232153379372498
0.97526208131463932
0.19522271641125824
0.86343544586429555
0.24182876644088144
0.97834065394292713
0.059634962383117412
0.98972835907800061
0.94613111060838395
0.74244639915709976
0.96986920492155959
0.8884532987143009
0.80198219194323594
0.2116932299794087
0.80108510257080634
0.90564348107039006
0.94690746578096152
0.090820472412533201
0.88419683718300679
0.94592102090144725
0.93774748207013958
0.86616139553346094
0.93124117125766237
0.8630407571198222
0.81226545468724798
0.84750349764074362
0.15323896861068592
0.088851996029368871
0.92204398842686053
0.97359964679950328
0.98405986239773435
0.86559891412316814
0.91477393735371892
0.32399354807971736
0.21919788385017519
0.96189698200616103
0.33198108347217475
0.96017795207149248
0.91592880357596984
0.19100122466253938
0.94089723918289725
0.96756973051507789
0.91708840634001143
0.11080650186925423
0.11403802012484225
0.86960776711244325
0.039826595298863864
0.97810148736036839
0.99465884868043786
0.92307281412124886
0.92900269992427864
0.90806789036340929
0.91255724350873257
0.99160823975796342
0.16332804498330192
0.93067826668380171
0.76112240803129205
0.9764300063379926
0.99323889149866096
0.98397133559448635
0.94766830609998975
0.95251322632154023
0.9795328061126729
0.059992510037786273
0.90347461851660393
0.83513498859538782
0.084483938591331589
0.77624217244603289
0.95849142982726931
0.88924981780095891
0.16338199131474127
0.96544773576155252
0.98514801894887682
0.85496443106402331
0.93661309446599916
0.22110283182428073
0.8567355621837448
0.92986306963245635
0.962259865620536
0.96370244504505231
0.93426763478047525
0.89390333288624824
0.15529215311140926
0.2026789191104427
0.81668113500977857
0.355443617836042
0.86502571133523476
0.20286883618676727
0.86660507606621517
0.97815707963586129
0.46943334943721576
0.90932705245520662
0.96298159966360497
0.2224393024376283
0.24265797868838257
0.97571581365709581
0.99106156796257205
0.047991896568265725
0.17417333336621998
0.25920153197838675
0.96569699165369283
0.8562689850508669
0.55974137694856485
0.8395911915217954
0.97202738721652526
0.093284279473350898
0.14794256927290847
0.89363790318062153
0.96726374657518688
0.18544967939961221
0.92548359478544195
0.89414456733096859
0.19913401811500991
0.9086274888841458
0.81210562555249532
0.94988687607704314
0.15899589661744126
0.82727256196257493
0.091779695619804216
0.16598585716578149
0.9388323067892973
0.8998564133718876
0.96823867509837436
0.97951447788663482
0.26080035173323707
0.98755435999153818
0.33157840023829482
0.96262563919695221
0.27036186405487928
0.13505300669179784
0.87642220349973132
0.17400454298294266
0.96844883831133988
0.98772670042246069
0.54188445607521463
0.9351223378046335
0.97937428811525151
0.88588156325395051
0.95309350227991063
0.22850539722466273
0.99145995511209795
0.92560313409330608
0.81982843046584097
0.97221261264656555
0.2035735359527886
0.13789512262067788
0.97227195423694124
0.19207451859331695
0.83215722710481532
0.96390557059031157
0.93798107396138952
0.84901613774367624
0.9709826953884656
0.79964104234646793
0.96611120411771589
0.22292528139894102
0.10023329665793491
0.84701512082135855
0.25445640967884492
0.97237052474056995
0.40647644208282585
0.92130576703754419
0.94977258719079993
0.93465297418798443
0.97601547509000686
0.83104895510268639
0.9086794985675547
0.97936604551398088
0.12518872840992076
0.88520749089177164
0.14573223364848148
0.99442662721191888
0.98263327872113793
0.91076956952985633
0.36881930537112584
0.96619554183156808
0.98701671221167964
0.85535877701465712
0.9849697688971365
0.97609314672460257
0.17920234245186456
0.95125651764106012
0.97628024130936708
0.82912585477458678
0.16357122930651019
0.86332634069281389
0.75088993104405866
0.22926753435686217
0.55799008400919392
0.98377066635076593
0.39864166253709116
0.32736461225355529
0.74842620536804827
0.21714790319704066
0.96317300836777986
0.98451734860091766
0.95571854807903711
0.86194045745823589
0.89790290104991555
0.96271213406602085
0.9515715790128777
0.058451533067214734
0.90280647365192446
0.091352338622756282
0.90110998612264115
0.87973246161642893
0.97009475227185837
0.18828759868833411
0.98097587423704058
0.97505221202954218
0.061315682739060559
0.72141430866574341
0.97403386851773421
0.94351002234974468
0.82295658062517107
0.2224098155759365
0.92039442856872133
0.97640837006928594
0.99310974358264925
0.70201455062008156
0.88336716353766953
0.95823346103942864
0.19431432564340753
0.87691895767040029
0.71115212404385897
0.99697806104465692
0.88886560834547179
0.97852594973680951
0.86507747664061363
0.18817967827052678
0.99681038216998497
0.97661490141240359
0.95935163376974208
0.17946902261646444
0.85045951697509548
0.96454699114618614
0.11688167011718133
0.96246914450299015
0.86952748126285206
0.32186575409536883
0.65199602035380455
0.97787064928791356
0.91276027823541783
0.96589171812180064
0.95267094871318847
0.96757407857928313
0.9426295331055039
0.87404596035930138
0.97755850980119086
0.94556813135881668
0.88818388303994522
0.91559091832878714
0.95611783676105733
0.90295006102193287
0.82037523880501095
0.92721502120948684
0.92760631378073577
0.96552905870112871
0.96802566008932489
0.20911372444347315
0.39612904931915915
0.88948454261359677
0.92365380579538603
0.10086796846741633
0.879840946407899
0.76129490557807311
0.95823211718271328
0.94311044967342939
0.97329204691240534
0.98038582596019197
0.99502080228399414
0.15897189313620469
0.24162255603516888
0.48607135902530835
0.075533449697075122
0.89152167571095797
0.067219994337093386
0.93925691098485764
0.9727059958662394
0.97928245547741866
0.91337406609027916
0.67872974757788507
0.87069994264516781
0.11723332192455774
0.98878849050247608
0.96471458509459818
0.92146760583724796
0.14345341761539246
0.96035121824976422
0.11628148564237117
0.19794805577901955
0.99041954888662864
0.98873426256934849
0.99772037222031373
0.96289822408593528
0.30458024967558422
0.17667532688567128
0.2025572392960085
0.92143240638921819
0.86544725041812831
0.98368142737019915
0.84370764656611663
0.99426756828272622
0.84692790243046756
0.73601618039335059
0.97970536181929335
0.97738879136347923
0.75108409993689618
0.94767477951999035
0.28382176802406739
0.93481585234972397
0.8510810574700024
0.40929777348422852
0.667385504025233
0.89465524375165928
0.96659654354965041
0.16737140118051688
0.15623303249707857
0.96740974993414386
0.91340634879605453
0.97948265865959439
0.94439055716626741
0.61395386375284489
0.97129600207231692
0.94357806593262306
0.92925590818346104
0.92255433979268586
0.94727234163555951
0.76105541712686775
0.16230053627947288
0.97494864890653821
0.79671916549675614
0.98939367910872311
0.95772609858727142
0.93626384115543759
0.85808381013783808
0.87786463739080955
0.11325465894973716
0.98753011756184073
0.84811410808375143
0.14053487078461221
0.96943617787765912
0.89695143993870274
0.97299089385124771
0.91091315655863214
0.97996497115008263
0.92409698592874934
0.30188957613480022
0.89444620874262537
0.89100650529738146
0.90879885607448441
0.89701793599637258
0.91317656062215125
0.79120958261692664
0.94633214140110178
0.91572631305185603
0.18690115379863578
0.20862988026365059
0.95590780428538213
0.94787610009710399
0.094956336662037136
0.93078341398008002
0.9719770824864491
0.41592715429408256
0.84541779352957536
0.13695337404313493
0.95165927086992275
0.85438367497991441
0.34250684049697439
0.33474731723081319
0.22450930715127482
0.95405719747403972
0.22334958228779161
0.91045617768486709
0.14862501212889095
0.9755197023604727
0.97753870291537648
0.88999595946591459
0.96615794146679368
0.90623022373701789
0.94970342346788872
0.91513821120529537
0.75908407705700487
0.97212571337663478
0.95591431892745682
0.93164176358948492
0.97393357242866763
0.22778579905097976
0.18767152554326039
0.92508891557187767
0.97924663059600592
0.89465448335181597
0.97994745702829589
0.92453274494564519
0.96803584752250182
0.96077332972085927
0.9796509829301423
0.99048957222647716
0.35308211121414751
0.096273906451967595
0.85292335311915091
0.99109413589896367
0.95132819418026893
0.42669730258493394
0.081311666652232453
0.98149538424265892
0.12615596734066806
0.85366432547711824
0.24349753318656672
0.87648778882245648
0.14886534084528136
0.24372063711063111
0.98246786095218586
0.96146123200829903
0.32894311238297064
0.1034097378923705
0.9190264309846129
0.95851040205052662
0.81543944074687968
0.098956573849798474
0.24831046553817987
0.92412202028762103
0.038132850215760232
0.90512568239058178
0.94440608772174495
0.89597583065412345
0.1885832157258939
0.79152038433833583
0.85912706749389844
0.97826775295121449
0.90460085886240771
0.19149144604916726
0.88364223676126075
0.85966702780880833
0.33683445646599564
0.74019622841952137
0.98252527388285327
0.98862106369085134
0.92712042840616471
0.22487243972928778
0.88624795517463939
0.10274325012911141
0.96328079607085226
0.98665907893202542
0.81198032592853231
0.93297923801624905
0.97341418269411573
0.50202051138841108
0.99317844780460152
0.94056428112084722
0.93600258787301571
0.22760640341934721
0.941208037669233
0.96554927983101835
0.20593521830516415
0.97936692683623994
0.85112986478527597
0.9899578485256515
0.2445198388577205
0.85101613459025205
0.87925203984399203
0.068286409286341915
0.93120698997091267
0.92531946923593411
0.86784065346235373
0.89510970394034473
0.97770318170343651
0.96295052114215818
0.9757045994662028
0.96202001526822278
0.89948961865856225
0.89869615691808513
0.98060462488938172
0.79293931529743744
0.91598834152087472
0.16514386621682944
0.054078064624241223
0.12462053956584887
0.35792852542320919
0.26627409235440386
0.5185956592986718
0.88805825030446295
0.11123335732691786
0.87496578485614296
0.89156670995439735
0.95736865632361934
0.17636198494107208
0.94834343236453966
0.98549579205045645
0.97244229528629766
0.4243286037995958
0.96869723134237129
0.9569394870099982
0.48197489195822862
0.9555385673754988
0.8197936105149386
0.84724700680091358
0.014945380349535927
0.93491376632258383
0.95099463193275169
0.9817844768277153
0.93662610389064804
0.30782208848042097
0.9822948016407812
0.88265100189038181
0.96064544247377814
0.85549968823130795
0.76113459080269719
0.96024723470117868
0.84115794276795164
0.98884887503862684
0.80987768819661732
0.9531173481243651
0.89977047089308682
0.23240061773854401
0.97935418540112074
0.29437039073652516
0.96852159685766237
0.94939631327858942
0.90424771052889452
0.88610909323770282
0.26462907971460486
0.94160880560670557
0.97222112194214294
0.99087410717316804
0.9288512357016101
0.99512022042201553
0.93601960144714258
0.87021577170233677
0.93649908499624379
0.95459578186692051
0.89589180078495023
0.92935093944863101
0.83291807065242029
0.8581623067666212
0.99694537337603906
0.34953313425993232
0.94352991909991313
0.9103734490153268
0.88210285362568108
0.13612298010348986
0.91401567447569654
0.95671909027943824
0.98135257748194604
0.93697271421372774
0.93247817117817078
0.98322554140749041
0.98035449422624432
0.94111625241845187
0.84934593871139408
0.96907486763402872
0.96997920008444716
0.1029117453291909
0.79647763367074076
0.14052425921335096
0.97407895408535372
0.13491662403938551
0.36268037805567233
0.96526775685098198
0.97118050262099986
0.95980101673980933
0.86839905086077529
0.27631840720457002
0.97197544847710671
0.93650079445511303
0.97511025798443496
0.94831765170682358
0.93083872865581208
0.97925718903121894
0.030152395050958621
0.96566733407985872
0.86299182521478313
0.86853929498488414
0.94162058053924458
0.20155087368665342
0.19136298772089036
0.12685486292817275
0.96177025829318163
0.68976855148232064
0.96952019395560229
0.98465451251849623
0.96223125676576371
0.13445854220246581
0.92320280531490995
0.9187082389070077
0.19050381093567026
0.96234570748663184
0.090776399529743798
0.98342442539718489
0.8260027832312149
0.13781239497620248
0.88346967210083538
0.97793169815337899
0.961952541742085
0.91556024480532017
0.90719835732316889
0.21321069552594055
0.89662472561513551
0.94626001102808288
0.17509820006193666
0.93530022068673835
0.98719202657226179
0.20365366428918388
0.13725123524098629
0.097802669274069345
0.94033658861164826
0.40985771921309655
0.87214590588546059
0.14547727737115457
0.94328186545996784
0.36280436686423623
0.92047173703781182
0.96987701430961737
0.85854622471327591
0.034703835234928024
0.096389455703809065
0.36018883838674165
0.81764269362062791
0.068592515501674098
0.2241588212686936
0.25697971555242094
0.26068057685195095
0.97313888201761811
0.94264480470519396
0.97138201185486328
0.15836021143924803
0.93926889586599538
0.96446188887676121
0.94501029663528791
0.96311980014778598
0.94754492567000337
0.024652557978244151
0.83579991589926061
0.89561845797970951
0.94439445153432744
0.10184318342392226
0.89477751225530944
0.97236687649096942
0.75824732059869437
0.95813681747740709
0.9099654162299512
0.10347007082036466
0.91454870848952496
0.96585989158933827
0.90893708584995381
0.72530438843799094
0.15204424970139513
0.11954654865024288
0.95043455920455544
0.091628900301618924
0.97428609177055447
0.017847366040733083
0.074314375784710743
0.11644196159117519
0.26340999699988699
0.85010080276317401
0.22763311954541104
0.8908533845137494
0.91044976629409513
0.96822397004643901
0.99524907023525799
0.96725428358162413
0.062723811780464739
0.2491809658801169
0.95965539584729798
0.1363997348994509
0.97827370623571563
0.28667176641052
0.98203618492474432
0.073953089436738118
0.079811011965922912
0.90333826037263365
0.99122625404999098
0.87512050935562535
0.99493684550085981
0.96468114552826112
0.89673743602387646
0.13705617127291303
0.92376053288239612
0.15586178789378721
0.75590463566062027
0.32478180749150104
0.91568834444814051
0.89549274176217086
0.82371460937318941
0.38733340920019277
0.93607023206467255
0.97701292661641825
0.16714932859778669
0.16765416165692859
0.95832196304963124
0.067737575243746684
0.14680501337526183
0.34819636313439184
0.96561942673688572
0.93624877097146908
0.11197944552468651
0.48648452809803683
0.35387020569807182
0.98295247804570662
0.1132719662960685
0.95297374246107713
0.97943040157105399
0.943178802388147
0.95207898505562016
0.9924052288876265
0.84709780133879686
0.96884419188513105
0.8144455519723266
0.95128619812815818
0.97530576366035537
0.32017198044282053
0.88945831361603467
0.92755617664412437
0.97765601479441699
0.59086126578366349
0.83425185958939641
0.93781353785685484
0.17067739204928903
0.19820876337778498
0.15418491598331346
0.96830821413576673
0.87596484236805638
0.95467252551873627
0.94359541070893893
0.2412600481712168
0.23155170306372302
0.94247191914722117
0.97363190344822681
0.25979017496769735
0.83355754126471193
0.97583950015023602
0.95707435480430414
0.15630679039236606
0.33430321598233603
0.37739413671618877
0.066494962969855465
0.84888376108639829
0.90741893413574914
0.89474642309171515
0.91727961861034879
0.95349457122066039
0.027286992488756132
0.96993491304668267
0.98267117215253341
0.33687505131290546
0.98441907207920831
0.98326470782059772
0.46868779989292891
0.91128746625521062
0.05376774930860366
0.99276736954911227
0.93168594465034182
0.95308934391677602
0.4725260548884006
0.99002516984774613
0.94045440372411004
0.81216016697383608
0.97647896998535533
0.24145604212472432
0.99153002142245084
0.41945463654409598
0.19102361379991706
0.92429985633674172
0.96006799325621428
0.86161357919225134
0.72660721291311225
0.88124644538342656
0.17402940550377299
0.82056795227241397
0.96136814225439637
0.94916425939197657
0.28655167440705537
0.92745917364180452
0.22866992939614655
0.95344859950547667
0.21296059604384987
0.19387540427236824
0.91672680070539925
0.7152760265125756
0.93023771431010982
0.97357911210650661
0.14769893995295577
0.9640423626676734
0.41192945837145833
0.86820689834509035
0.94841953229070808
0.81408277841957533
0.94939523895478817
0.81365755137194817
0.22054929597285136
0.85605961613572401
0.96338906773802857
0.21614136553120922
0.16644698693013715
0.74659090613615009
0.90195563542620028
0.017635664927932875
0.14638246833931903
0.98126021302343747
0.31066557717269461
0.31297730186206801
0.96077760288102887
0.96986372578768398
0.94307427403653121
0.8345264976907848
0.11547158833525253
0.69395138086278352
0.95019116088172484
0.93935868233981734
0.28254715638920258
0.99152175884446625
0.92728968660241129
0.91350959671819054
0.10021233160748969
0.91575311787306279
0.88196299364147657
0.82858954758272185
0.20116281429852778
0.89922924862962206
0.39136036787220557
0.90879754334072427
0.94890258692375262
0.88314843351787808
0.95894676090850783
0.93786076013368025
0.24756755494631294
0.10613128071178228
0.22395163376932797
0.13283489430272249
0.92854572129812996
0.96256417458298704
0.20593066057008932
0.94507553127499122
0.99479824243714376
0.099917905547202535
0.84665570047692407
0.8962159760539925
0.92738583792916385
0.98278047589861861
0.98918993711550174
0.99174459606756793
0.95555366626837723
0.9235772507464729
0.99197236456902349
0.98698303923153441
0.95657689876170027
0.83785228174869109
0.84043320139642841
0.98912138803333516
0.17690014826520051
0.98604285549195947
0.98967262493833819
0.089456152245342715
0.88520161033832923
0.98168758227865538
0.2111583709803147
0.70305153797340469
0.85039002889583404
0.91770805867035943
0.084438649122442144
0.082890580107097198
0.96257818103444215
0.87530429972800539
0.3064874989383502
0.81095478288416811
0.96352937591934795
0.99251602396319016
0.83204153824715499
0.81972863474673674
0.91440178201493283
0.13432968695268704
0.98294513916965154
0.99211854802451949
0.8787946384122175
0.17962780034122544
0.96099684087866089
0.23076026447313189
0.083606307293435683
0.98580742795987364
0.48527939856944269
0.24538294227427102
0.065853028891105864
0.94361973936440591
0.50085007360120359
0.87324860361342016
0.89912359507492923
0.91791924884322207
0.062098462961870507
0.42258725406422315
0.98956842552338486
0.96045331457341121
0.97737997362486373
0.97556599447226588
0.59784880732603918
0.97437757942068437
0.95873893658712983
0.92306055899207196
0.94019713812249672
0.98879748002198131
0.96223554225060315
0.27306388025826678
0.12799742492684604
0.72992667675769618
0.97772769512515956
0.21364551833595871
0.25742621389179488
0.93062089249403179
0.8905489113700138
0.69834931098830877
0.79175826127581939
0.96522223377044325
0.95148788377729832
0.90940372778194956
0.45175911373905597
0.90444372071299017
0.26588238368937378
0.32984946790484021
0.94963533059161365
0.095532586972124467
0.11481423832040627
0.89879198481577638
0.38307444170252081
0.27891388103952869
0.94429536447484685
0.95756441136806403
0.16618780130064176
0.9165236849743873
0.17992791028794211
0.18678969475295437
0.88889353857402109
0.98696083743729557
0.9611623411204675
0.94888047767927231
0.82777144212920761
0.99226865798453812
0.22099074010421407
0.98208554018738581
0.37519702552099332
0.074268073798563469
0.95025840414662377
0.88751995480880175
0.91632354741173183
0.1727284112234829
0.73221029467208243
0.96753504051473671
0.95791990943385208
0.81235102563594808
0.2041326167660501
0.94886773709913108
0.97424584160721439
0.17600109507425277
0.98573949477757639
0.15312469119333902
0.93443135802179467
0.15261697236598656
0.9017980479955392
0.92253558954463677
0.92499868425062093
0.20926198858104006
0.92034176519735744
0.21972816329348915
0.32026358086362655
0.97853870011506883
0.93517257257423658
0.34901363495436555
0.44369168044926893
0.96053379948760653
0.21018313362174973
0.95900344131197146
0.91088399416401
0.13767596129836873
0.059464533662808426
0.88355141770439982
0.83170749193968863
0.10030219305737509
0.82309539715493785
0.30427018986476251
0.9479359996622605
0.2427225462778968
0.25838771925452053
0.93722112902944132
0.97460835963337578
0.69887963270318154
0.92058864651384276
0.95843792588162158
0.33897790427535224
0.23078536687342846
0.98975543808549593
0.89349304137968744
0.87804403827550126
0.95285372400181079
0.96685141381166984
0.88809390921255815
0.76138991114488952
0.95762900607120427
0.92158183573580177
0.2220950986420219
0.22312270289927932
0.72976917377710948
0.95975740753483108
0.20901769181688581
0.99285256525431864
0.9855253785357756
0.97669940475949157
0.96840631487735784
0.99107172256129494
0.97733689998640827
0.92199332877344276
0.95367948653520063
0.27575901886443882
0.94625494592306103
0.98542205677070127
0.17333486817891483
0.79943929192682339
0.94820941348973875
0.97352864581433463
0.88768086085236242
0.76635212104690331
0.8653122415498562
0.056538988903889004
0.89403154538254992
0.89775323144547536
0.88774206745119821
0.98536485686258879
0.98916109060949131
0.80559440917630354
0.90486713384395212
0.29345664159770829
0.15177838611204206
0.9268035335919973
0.37213820483963617
0.95539303575591261
0.97993040235853912
0.10935902208478525
0.90228602945060077
0.86270635808183038
0.95413831403544946
0.10234771295454508
0.30674795727738097
0.9397294626725482
0.93827866457975118
0.65303885191004141
0.33111022324398232
0.91781127097281623
0.40743451443058259
0.36863891506569174
0.18975274491034477
0.45567504700193701
0.94882125779894411
0.19370663156839449
0.15425525996750952
0.96189247522116328
0.33789466380089589
0.9476829158339326
0.93759309182934769
0.93955137588970339
0.96576096157249181
0.16712060303326207
0.85723329888206679
0.24624776127773115
0.89958854437599589
0.83443749521119892
0.21968607732373438
0.78057668923057344
0.99224438828451877
0.92575601084132642
0.96059686559249458
0.56038911109938838
0.96151324907308577
0.31992798726564275
0.13020558600817048
0.15628062926369815
0.93499400103727315
0.97893430677347304
0.9803873457943747
0.72194472209295368
0.15249683211828083
0.24243210955985256
0.72861407984891546
0.91311971417851534
0.21646320364270749
0.068083927597744676
0.97306841157466484
0.8383040270839458
0.26280522724232985
0.95515570413044304
0.87120224973097649
0.9502891331368738
0.98635132537106873
0.80718713848435808
0.94052003562673603
0.2965044337582125
0.98656975454645945
0.95727930023488184
0.10529731143284327
0.073787402850392078
0.88813194361073211
0.95479055422963321
0.25629138801877688
0.96724651198297096
0.96962787053763577
0.95754676565182029
0.99722250550248315
0.95684488869691864
0.032297359807255656
0.99592505018059196
0.92098056081925095
0.36877550171708168
0.30868066437088343
0.8705032286557437
0.9043830614321835
0.9890239087482573
0.26964255956659866
0.98609038488392542
0.92370140629739605
0.9518269530392206
0.92814438030662916
0.34231334606352315
0.88507406505316844
0.98276479029589925
0.84961142685431523
0.18735920402712031
0.36703250335668663
0.91925157976001715
0.92243317284978787
0.9003484869944306
0.43763527255494683
0.20025169230249593
0.87271266266197611
0.91389807733948691
0.33384764997235983
0.86554763698953474
0.25074750104803845
0.95320221160389285
0.99464711468459654
0.93123235476593003
0.29443416328155592
0.15818394841232897
0.9533302240008773
0.89300415306875791
0.90486098140771098
0.1232762442785833
0.98927761891591504
0.98784881355612153
0.96508126081546741
0.86647843760757148
0.91061981367329559
0.25591353820933183
0.98592045665091887
0.9924111412036879
0.96318607098885645
0.63089734217375915
0.098156204772472319
0.85054539405039686
0.94371947447329929
0.47095538578921342
0.89606779984259188
0.94523702772514107
0.92649982502786998
0.86206037872606922
0.30604758253193526
0.11620500893433111
0.95418163864183103
0.099364234121530309
0.16556208710614054
0.173486379985301
0.12974792085319081
0.0764628274445385
0.94338500940067882
0.96830229011436109
0.99630695690165405
0.95720378468458467
0.97229118385499758
0.14415027268545116
0.94639828016045124
0.99541907068357416
0.09626658792214482
0.19904492571014135
0.86218924911332762
0.95244596707983842
0.93070539664765084
0.89990472459908721
